 CV_MSE
0 0.6225648560834597
1 0.669524790813547
2 0.6139484784535315
3 0.6152357344894078
4 0.6420264701149037
5 0.6050016636784282
6 0.6660100796200853
7 0.6273165603013828
8 0.63438396772064
9 0.6344246922805373
10 0.6542798838814663
11 0.6135804699084302
12 0.633963597701314
13 0.633606535172272
14 0.6415229686640542
15 0.5874017843062413
16 0.689921287641301
17 0.6777777709283704
18 0.6163358764439277
19 0.6140903420983495
20 0.6424543427395152
21 0.629242911598672
22 0.6311490979915211
23 0.6233980699783193
24 0.6541079184405797
25 0.6125363473550596
26 0.7110171913200949
27 0.5997471874522377
28 0.651420368861395
29 0.6113522453710818
30 0.6734709845068269
31 0.6226505089295519
32 0.6353050994159594
33 0.6364927889584482
34 0.6008632340795615
35 0.65883258693535
36 0.5673273178277762
37 0.7053501747203653
38 0.6122574064727615
39 0.6225222510241593
40 0.6538266835462837
41 0.5880289120199808
42 0.5931583250322301
43 0.7066418105196507
44 0.6352888257709591
45 0.638452107084372
46 0.5788798174485249
47 0.6474116873915412
48 0.6948040797973132
49 0.617939181015301
